-96
-259
-51
-179
-99
-229
-127
-84
-304
-452
-232
-71
-257
-101
-134
-116
-39
-174
-73
-87
-85
-276
-431
-47
-110
-41
-162
-65
-144
-100
-90
-111
-136
-62
-77
-19
-104
-193
-74
-120
-84
-44
-197
-156
-307
-88
-96
-51
-179
-29
-109
-242
-131
-108
-18
-277
-176
-101
-109
-273
-109
-118
-144
17
-186
-143
-86
-122
-226
-59
-223
-80
-96
-280
-93
-246
-126
-101
-87
-56
-259
-453
-173
-315
-111
-45
-199
-41
-109
-40
-55
-257
-35
-168
-15
-174
29
-41
-131
-229
-54
-95
-176
-92
-208
-162
-27
-185
-116
-3
-87
-100
2
-120
-98
-92
-151
-120
-377
-322
-31
-123
-49
-186
-243
-37
-134
-97
-110
-341
-31
-88
-141
-117
-42
-138
3
-60
-151
-97
-118
-39
-29
-11
-223
-121
-41
-112
-40
-79
-255
-329
-58
-92
-28
-23
-66
-82
-47
-253
-58
-91
-179
-148
-241
-10
-213
-77
-81
11
-131
-93
-81
-78
-81
-424
-243
-34
-332
-45
-145
-128
-52
12
-77
-112
-184
-212
-38
8
-31
-123
-80
-263
-114
0
-183
-79
-215
-40
-3
-88
16
-126
-16
29
-34
-82
-192
-150
-94
-36
-73
21
-265
1
-5
-167
-176
-80
-51
-35
-189
-66
-16
-69
-67
-112
-13
-33
-4
-8
15
-89
-61
-66
-49
-171
8
46
-18
26
0
-6
-31
-14
-62
-4
24
-23
12
-10
-82
-62
0
-55
7
48
-63
-51
-197
-8
-1
-14
3
-20
-28
20
9
-47
-51
-28
-9
-29
18
-45
-176
17
-74
-33
-6
-83
-30
-257
23
-66
-18
-47
-1
59
17
-120
-44
-34
-46
230
-34
64
-110
-48
-78
-17
-33
-21
-177
-26
-49
-11
-68
-18
3
-63
202
-79
6
55
-23
-185
-33
-46
-67
10
-119
-41
-21
-146
-37
24
12
-110
5
-91
-13
-3
-92
-49
-16
-79
76
-8
-6
-47
136
147
-93
62
-2
-92
-3
-37
17
-44
181
66
19
-18
-58
-9
-84
104
238
80
175
4
-74
65
-40
-80
31
82
57
223
219
11
44
268
-23
194
191
211
126
240
-59
-26
-61
181
199
248
155
192
181
208
64
156
26
245
164
200
34
232
-44
56
235
14
-26
-27
40
165
189
94
241
2
256
16
309
235
243
147
207
-9
228
228
209
257
193
243
218
202
267
234
283
245
211
227
235
237
224
245
268
280
253
246
215
248
238
238
219
235
232
240
252
272
205
242
284
246
266
216
152
235
253
214
231
9
261
260
251
-10
261
254
264
238
262
260
266
265
262
256
251
188
252
-60
-7
253
221
208
219
254
223
215
286
283
202
103
240
